0,429
0,428
0,427
52,2
52,1
52,0
51,34
51,33
51,32
51,31
8,2
51,30
51,29
51,28
51,27
51,26
51,25
51,24
51,23
51,22
51,21
51,20
51,19
51,18
51,17
51,16
51,15
8,3
51,14
51,13
51,12
51,11
51,10
51,9
51,8
51,7
51,6
51,5
51,4
51,3
51,2
51,1
51,0
12,2
50,3
12,1
12,3
50,2
50,1
50,0
48,8
48,7
48,6
47,142
47,141
47,140
47,139
47,138
47,137
47,136
47,135
47,134
47,133
47,132
47,131
47,130
47,129
47,128
47,108
47,107
47,106
47,105
47,104
47,103
47,102
47,101
47,100
47,99
47,98
47,97
47,96
47,95
47,94
47,93
47,92
47,91
47,90
47,89
47,88
47,87
47,86
47,85
47,84
47,83
47,82
47,81
47,80
47,79
47,78
47,77
47,76
47,75
47,74
47,73
47,72
47,71
47,70
47,69
47,68
47,67
47,66
47,65
47,64
47,63
47,62
47,61
47,60
47,59
47,58
47,57
47,56
47,55
47,54
47,53
47,52
47,51
47,50
47,49
47,48
47,47
47,46
47,45
47,44
47,43
47,42
47,41
47,40
47,39
47,38
47,37
47,36
47,35
47,34
