10,290
10,116
10,118
10,248
10,122
10,284
10,270
10,272
11,18
11,20
11,23
11,22
9,4
9,6
8,17
8,6
8,12
8,2
8,3
12,2
12,1
12,3
52,2
52,1
52,0
51,34
51,33
51,32
51,31
51,30
51,29
51,28
51,27
51,26
51,25
51,24
51,23
51,22
51,21
51,20
51,19
51,18
51,17
51,16
51,15
51,14
51,13
51,12
51,11
51,10
51,9
51,1
51,8
35,3
35,1
20,3
20,2
20,1
19,3
19,2
19,1
14,5
11,28
11,14
11,12
11,10
11,6
11,5
11,4
11,3
11,2
11,1
10,207
10,203
10,181
10,151
18,1
18,3
10,125
14,1
10,115
14,4
14,3
13,1
10,65
13,3
10,13
10,3
10,2
10,1
9,7
9,5
9,3
9,2
